Best Value,Control Frequency,Initial Stock Level,Stock Floor,Stock Ceiling
-29753.424657534328,27.0,0.0,0.0,137.0
-29753.424657534328,30.0,0.0,1488.0,0.0
-29753.424657534328,29.0,0.0,0.0,1592.0
-29753.424657534328,27.0,0.0,1806.0,0.0
-29753.424657534328,29.0,0.0,381.0,0.0
-29753.424657534328,29.0,0.0,2645.0,0.0
-29753.424657534328,28.0,0.0,320.0,0.0
-29753.424657534328,27.0,0.0,2153.0,0.0
-29753.424657534328,30.0,0.0,493.0,0.0
-29753.424657534328,27.0,0.0,2799.0,0.0
-29753.424657534328,29.0,0.0,0.0,2941.0
-29753.424657534328,29.0,0.0,1103.0,0.0
-29753.424657534328,28.0,0.0,1586.0,0.0
-29753.424657534328,26.0,0.0,2752.0,0.0
-29753.424657534328,28.0,0.0,355.0,0.0
-29753.424657534328,29.0,0.0,2403.0,0.0
-29695.424657534328,28.0,1.0,1261.0,5.0
-29412.424657534328,15.0,0.0,2082.0,0.0
-29394.82465753433,15.0,0.0,1134.0,0.0
-29372.824657534326,15.0,0.0,254.0,0.0
