Best Value,Control Frequency,Initial Stock Level,Stock Floor,Stock Ceiling
363945.46472690714,1.0,2754.0,2807.0,2799.0
340359.4608470717,1.0,2722.0,2720.0,2756.0
335786.28368345357,1.0,2878.0,2947.0,2896.0
333315.35015769245,1.0,2532.0,2506.0,2931.0
330620.30601583206,1.0,2993.0,2510.0,2948.0
329041.79948780854,1.0,2614.0,2808.0,2760.0
326287.1977445035,1.0,2720.0,2825.0,2793.0
324979.12153490016,1.0,2412.0,2997.0,2910.0
322422.4795435042,1.0,2398.0,2736.0,2834.0
320336.16806844505,1.0,3000.0,2779.0,2875.0
309994.228122151,1.0,2587.0,2799.0,2998.0
309613.79691716295,1.0,2697.0,2999.0,2916.0
307896.01343829336,1.0,2485.0,2987.0,2998.0
303363.2789157711,1.0,2235.0,2867.0,2685.0
301225.28825685213,1.0,2738.0,2642.0,2998.0
301214.64963498525,1.0,2663.0,2830.0,2888.0
299105.8481188967,1.0,2936.0,2892.0,2834.0
298229.1522888505,1.0,2056.0,2951.0,2858.0
294125.217223881,1.0,2897.0,2936.0,2942.0
293561.27222182316,1.0,2575.0,2599.0,3000.0
