Best Value,Control Frequency,Initial Stock Level,Stock Floor,Stock Ceiling
0.028629888226532785,22.0,2349.0,3.0,65.0
0.07726632276080636,17.0,2377.0,936.0,76.0
0.09679179157774342,29.0,2418.0,85.0,2077.0
0.2710985464063924,26.0,2693.0,4.0,5.0
0.2902072790893726,11.0,2710.0,470.0,2.0
0.4209393178307437,2.0,2258.0,2.0,202.0
0.42898890762944575,29.0,2473.0,267.0,146.0
0.49791261490190664,22.0,2433.0,2314.0,182.0
0.5202723778579639,22.0,1277.0,2173.0,364.0
0.619797989561448,26.0,2480.0,2971.0,214.0
0.6788439973547611,16.0,1241.0,907.0,1.0
0.6958007132534476,18.0,2116.0,179.0,6.0
0.8030644227792436,12.0,2626.0,11.0,1507.0
1.0770413956756784,12.0,2401.0,1505.0,105.0
1.0859573103321054,16.0,1244.0,2015.0,1.0
1.5500047724840442,21.0,2658.0,1071.0,98.0
1.6565237649219853,19.0,2557.0,1509.0,89.0
1.7838513587762463,11.0,2687.0,0.0,1451.0
1.878111540611826,27.0,2477.0,169.0,1197.0
1.9898960287623595,21.0,2414.0,207.0,3.0
