Best Value,Control Frequency,Initial Stock Level,Stock Floor,Stock Ceiling
351962.40232536866,1.0,441.0,2827.0,2889.0
325094.8410645566,1.0,1640.0,2726.0,2927.0
320792.9922784568,1.0,2514.0,2614.0,2982.0
320698.19503463694,1.0,2326.0,2626.0,2899.0
319366.22880410857,1.0,2720.0,2556.0,2688.0
316213.38833919814,1.0,406.0,2846.0,2880.0
314485.16792991775,1.0,2313.0,2622.0,2860.0
313664.31359645294,1.0,2341.0,2993.0,2942.0
312283.7470793143,1.0,1444.0,2782.0,2763.0
311227.9503897853,1.0,923.0,2999.0,3000.0
308934.9417973415,1.0,585.0,2997.0,2699.0
308586.10535160056,1.0,908.0,2853.0,2594.0
306444.6412191084,1.0,2942.0,2889.0,2877.0
304638.070410369,1.0,79.0,2624.0,2827.0
304235.27813285333,1.0,2246.0,2731.0,2931.0
302907.6397353995,1.0,152.0,2950.0,2996.0
301635.02189050487,1.0,2283.0,2695.0,2911.0
299033.81507185305,1.0,1025.0,2565.0,2872.0
295057.5865922016,1.0,1408.0,2488.0,2828.0
286130.0107617233,1.0,2162.0,2359.0,2999.0
